0.1468102197890936,0.09437385256432775,0.14160063844587512,0.27471085872673484,0.20748523722493067,0.1350191932490381
0.15231157717062932,0.09588631625616663,0.13406516926719875,0.27016016773524987,0.2181079318219735,0.12946883774878196
0.1473841980221432,0.1021028505841883,0.13026020499690652,0.2894765002828505,0.20430978352463616,0.1264664625892752
0.14898628827861046,0.10146130134413016,0.1321412557106187,0.28202405740444003,0.2098887821899951,0.12549831507220544
0.1485134022328021,0.09446762846142871,0.1324780543539451,0.2726004466697654,0.21717569565714814,0.1347647726249104
0.1495182686410447,0.09814725499381848,0.1357500546435915,0.2594618052105425,0.21657431414886308,0.14054830236213986
0.14526627065978412,0.09107919383127117,0.13625381285729546,0.2802474263663521,0.20829154251854878,0.13886175376674842
0.15139911834154868,0.09545610014177519,0.1327798117537812,0.2750819737981655,0.2110833896925375,0.13419960627219205
0.15214219378120275,0.10287804356995295,0.12933192435609597,0.26694253295919684,0.20795436490181338,0.140750940431738
0.14739424061684478,0.09863338189544546,0.13530320978984833,0.2650092067150136,0.2154077368677098,0.13825222411513804
0.14572939725141484,0.09495046036313698,0.13405195901718664,0.27317366442649116,0.21208791041411357,0.14000660852765684
0.14560960001930842,0.0921306212734138,0.13610702054658175,0.2745771605087786,0.2131368674657303,0.1384387301861872
0.1506939411025831,0.09836968377751543,0.13550743878557453,0.2633749764186182,0.21237569886006555,0.13967826105564307
0.1438307843984049,0.09637558821105681,0.13293380634915394,0.27523326400105835,0.2082256635044675,0.14340089353585858
0.1481579711825183,0.09498718839933562,0.1361894915586563,0.2648189973022516,0.2141089091211496,0.1417374424360884
0.1497625133683931,0.09609418518211915,0.13460756232621077,0.2779944840497975,0.20797793136935233,0.13356332370412718
0.1473841980221432,0.1021028505841883,0.13026020499690652,0.2894765002828505,0.20430978352463616,0.1264664625892752
0.14900930073755428,0.09314855169484325,0.13579723592338885,0.27063623531218256,0.21267533101871655,0.1387333453133145
0.15233367060772632,0.10127797328317258,0.13354057507555248,0.25883872775243977,0.2153587648449789,0.13865028843612998
0.14823566092256577,0.09163995419099576,0.1298369247646494,0.277902539720199,0.21104062706748697,0.14134429333410312
0.14884254343735806,0.09455716619276285,0.1334034927285149,0.2758610649321623,0.21793652544462908,0.12939920726457296
0.15297325003679232,0.09791815074407381,0.1299913439858849,0.27326565564069955,0.211551932971453,0.13429966662109627
0.1472470080731898,0.09644722674094806,0.13044624854541426,0.2751632028376248,0.20659114960719768,0.14410516419562538
0.1432702161528978,0.09631254327365402,0.12895660309149562,0.2850550217909364,0.2062590777042904,0.14014653798672574
0.14490801359603908,0.09154822548270564,0.12426039243452955,0.28915032722014933,0.20908745721151373,0.1410455840550627
0.1477031971785472,0.09465519530510669,0.13303104953270342,0.27735430375554354,0.2061581828500466,0.14109807137805253
0.14739898919551725,0.09763575568646418,0.12890752629046726,0.27464547208411594,0.21426198768578217,0.13715026905765326
0.1465065524935584,0.09469051641143694,0.13278828114989083,0.28001525361423346,0.2106196583887457,0.13537973794213481
0.14291502597240657,0.09269143469583793,0.13216487883663205,0.2816699649015167,0.21185505439407598,0.13870364119953077
0.14436511657578655,0.09132450769505822,0.1308127350762919,0.28169133737764884,0.21444975189295706,0.13735655138225747
0.14824597263881786,0.09363807407923701,0.13622131422120903,0.27301449617109413,0.21159467808724794,0.13728546480239398
0.14294028527069946,0.0928147871017508,0.1303006276463674,0.2839703795710862,0.20764015071154054,0.1423337696985557
0.14229819328254253,0.09067444184106584,0.12900007944331385,0.28876547877459713,0.214858610719977,0.13440319593850353
0.1457564714897793,0.0940255644883319,0.13146847936906353,0.28183059940874167,0.20889657770061812,0.1380223075434655
0.14277182251789738,0.09333513141882162,0.131902410198524,0.27780831113382565,0.2103369757509633,0.14384534897996798
0.1531085728644595,0.09912919321162496,0.13530524146221415,0.2640496186107975,0.21682235733552294,0.13158501651538093
0.14279427803210057,0.0911032049095178,0.13500280953499688,0.2742036415878257,0.21171753794068598,0.14517852799487307
0.1421863720835797,0.09149678639157935,0.12725817845331067,0.2946070479374924,0.20308832542653865,0.14136328970749903
0.14555484085739062,0.09830480000776354,0.1325069305273471,0.27141003806754405,0.2105505786795202,0.14167281186043434
0.1502863138616333,0.09911667857066776,0.1374841523514702,0.2621441520675825,0.21904521443493152,0.1319234887137147
0.15274883638729972,0.09670406946491429,0.13406936190093982,0.2771077412868964,0.2101976179658259,0.12917237299412387
0.14543048407149986,0.09520548970077217,0.13343019365162007,0.26878997911647856,0.21223540214085113,0.14490845131877822
0.13984965595469198,0.09344712167966164,0.1292912149579417,0.27908206465093405,0.21260504112681697,0.1457249016299538
0.14711881162944926,0.0924295223819749,0.1262988589930729,0.28478099068025775,0.20977754084640007,0.13959427546884506
0.14687122389275714,0.09484229233175956,0.13542108819763438,0.26887320347809657,0.219561325190651,0.13443086690910122
0.1457380470345919,0.09195020484679078,0.13399447764569938,0.2790736832303473,0.20924778412537773,0.13999580311719298
0.14646808084075033,0.09313029482654855,0.13531190994111061,0.2752264715405707,0.210670264213984,0.13919297863703595
0.14541887103041978,0.09335525768259854,0.1331279602944491,0.275999089273273,0.21324907739827867,0.13884974432098093
0.14715759325971992,0.09353689635178697,0.12479047326014633,0.28595453701528006,0.2084817675543484,0.14007873255871828
0.1441714823989385,0.09212339154114124,0.1267321883407074,0.28738412702141375,0.2104523582710157,0.13913645242678335
0.14759097006074465,0.09369058280642,0.13311645169374642,0.27314321275048015,0.20890637614376356,0.14355240654484516
0.14705700462957488,0.09315000928438276,0.13516875837781886,0.27114294083125434,0.21306925326797962,0.1404120336089895
0.14514027380342343,0.09362806354237851,0.13052750486123074,0.2834092481471034,0.20762351573212873,0.13967139391373515
0.14066410664017182,0.08889563065890732,0.1363163328749106,0.2780105386857172,0.2087496803657635,0.14736371077452967
0.14566166116387752,0.09345317746724045,0.13018751675014592,0.28238700593696625,0.20962956717297368,0.13868107150879627
0.14562978768103746,0.09199187790799794,0.12814303694835497,0.2764014810826843,0.21690251345271702,0.14093130292720832
0.14605050854018492,0.09204339911292019,0.13446749282392703,0.27592616072132875,0.20965266107666053,0.14185977772497857
0.1453064842014887,0.09842526749084118,0.13987168845288003,0.267894900166555,0.20799286762794544,0.14050879206028963
0.149419724424061,0.0947361712399838,0.1343044325855399,0.26965194168184153,0.22022833898004082,0.13165939108853297
0.14611717299560142,0.09396996165455698,0.13342794020631343,0.27861189432418176,0.21303987927836138,0.134833151540985
0.14626471532041468,0.09355173708416631,0.13451932807649966,0.2726392413870831,0.218351888046415,0.13467309008542117
0.15028497826125403,0.09635251696978715,0.13352764511247497,0.275938186948114,0.2101480882080283,0.13374858450034158
0.15384074249652338,0.09373085483031639,0.14552751531545632,0.25939732965112133,0.21917252140100477,0.128331036305578
0.14219906244487276,0.09304626388559314,0.1318827493852691,0.2790154643701159,0.2096193502811232,0.1442371096330259
0.14731851569520765,0.09440975103283147,0.13119647761041833,0.27531323973979077,0.213803456701778,0.13795855921997366
0.15250801573507475,0.09634750109825484,0.13476527114885828,0.2672655816728737,0.2170372044183303,0.13207642592660815
0.14977774983462114,0.09883457240114941,0.13039642744728583,0.26973104060290043,0.21599565926371023,0.1352645504503329
0.14441495280820035,0.09377232649157223,0.131644896026287,0.27921242384106115,0.2095171894718535,0.1414382113610258
0.14181723237536772,0.09850763451318559,0.13127620615539867,0.2853510698883131,0.20626354977389283,0.1367843072938422
0.14960405240339505,0.0971787046357657,0.13549173698622377,0.259374341831022,0.22599093070042856,0.132360233443165
0.15185809573300046,0.09879248677056307,0.13614897126629,0.25869108000706825,0.22427188713400237,0.1302374790890758
0.14379839719450183,0.09358781871224867,0.14197222323556058,0.2720859670528809,0.21495693836380375,0.13359865544100427
0.14368164737289865,0.09331345081519234,0.13097878822869422,0.2804392455419081,0.2082948118434879,0.1432920561978188
0.14149081494613464,0.09323115364231344,0.12866635636140683,0.27764363934776026,0.20374939263889705,0.1552186430634878
0.14722856311330473,0.09721285351341678,0.132669779622696,0.27629136375876523,0.20860652654489747,0.1379909134469198
0.1464394958148039,0.09459025656339662,0.12903296216594887,0.277034180479576,0.20677151843315172,0.1461315865431228
0.14331393118566454,0.09312825818668383,0.13619740829934524,0.2728404535547679,0.214003907814781,0.14051604095875736
0.14632877196464555,0.09150615967837601,0.13315942593108715,0.279245091706358,0.2107793000060609,0.1389812507134723
0.14682285549034055,0.09489465533846736,0.13226747934520083,0.27789960194662605,0.2096521767572656,0.13846323112209957
0.14568316868297382,0.09461137658060494,0.13298753213169356,0.2784175944745867,0.21194933530233914,0.1363509928278017
0.14662776191825794,0.09556892025216561,0.13125758729529122,0.28193999764174926,0.20644870961637984,0.1381570232761561
0.145286984886934,0.09801607993328197,0.13006136061789833,0.27341703222123004,0.21058005334583574,0.14263848899481987
0.14097739365362563,0.09280985017182738,0.13311168826088532,0.279427613249792,0.211871868357763,0.14180158630610673
0.14280187656009732,0.09708460892693282,0.12980119943825455,0.2731538464283492,0.21111113382133956,0.14604733482502652
0.1447745851222376,0.09234348689550698,0.12534026606355939,0.29081759404239604,0.20652176236097922,0.14020230551532079
0.14654562074964875,0.09201325777837323,0.12701594489426024,0.2861881549720212,0.2093257789810598,0.13891124262463675
0.14693703128593627,0.09500219121323447,0.1319969979551051,0.2782941615067934,0.20929940807898567,0.1384702099599451
0.14733094389037174,0.09485810474103959,0.131586608905273,0.2766306617182546,0.21133400957288695,0.13825967117217428
0.14811273823060644,0.09253242218821131,0.13492565082080843,0.2740301684134296,0.21107435961720555,0.13932466072973865
0.14189655609759258,0.09286097715634246,0.1314933961976297,0.2795375495575642,0.20962757259793358,0.1445839483929375
0.14097437574849814,0.09102175590595857,0.1377284550646569,0.2753739946545493,0.21250537267453615,0.14239604595180094
0.13902615812293231,0.0898911829602399,0.13335333244404085,0.28365017890855915,0.21006898541105926,0.14401016215316848
0.15152329902601575,0.09121874768920164,0.1378734317778195,0.2679499594617348,0.21888376034649287,0.13255080169873557
0.1454585293221973,0.09294172196344158,0.13413837064189882,0.2740643185123727,0.21465530678704065,0.13874175277304898
0.14512133953964207,0.09118492018095004,0.13799666373300726,0.2767991162408595,0.21204463821984373,0.13685332208569737
0.14366942101996868,0.09159569208374677,0.13515281523499395,0.27566555250755154,0.21030301666225448,0.1436135024914847
0.1412001986680824,0.09283173868532502,0.1321388126440625,0.27886623513379455,0.20902756923013885,0.14593544563859678
0.1472252003668564,0.09331647332012422,0.134343680662867,0.27620912325286395,0.21168009609571545,0.1372254263015729
0.1346190015252216,0.08764272740398285,0.13562008246986024,0.27498055677402516,0.21170302271276756,0.15543460911414259
0.14659054592493087,0.09272480546494578,0.12641644557677914,0.28398583702952995,0.21061556570399514,0.13966680029981915
0.1386333139215354,0.09138045875353798,0.1317976524934936,0.2803125591510255,0.21049358827257325,0.1473824274078343
0.14010022755824095,0.08893938194039838,0.1300644776607604,0.2796350613028627,0.21291895508837932,0.14834189644935816
0.14740339083430606,0.09021229843071234,0.13830063100831191,0.2709047132433155,0.21497742024741356,0.1382015462359406
0.1472252003668564,0.09331647332012422,0.134343680662867,0.27620912325286395,0.21168009609571545,0.1372254263015729
0.14508043662164222,0.09794775458529764,0.12927013595808193,0.2750301557991662,0.20887916150465724,0.14379235553115483
0.14831439487399012,0.09390342710497829,0.13516374947299295,0.26882824636644354,0.21733097787450456,0.13645920430709063
0.14740380422782462,0.09460654399213321,0.13182236292471183,0.28020920922809406,0.2087794487460401,0.1371786308811962
0.14574089280627353,0.09352132701384586,0.134316942739599,0.2807784234635932,0.20717446220731994,0.1384679517693684
0.14750835477750368,0.08970191439863186,0.12625228924071877,0.28400072257338876,0.2122990632501943,0.14023765575956268
0.14575652165074515,0.09402559684650495,0.1310817086792279,0.28059386950369775,0.20827788175376188,0.14026442156606228
0.14339872275308505,0.09126111588491236,0.13092893020774765,0.2685755470957812,0.22473595089326745,0.14109973316520635
0.14708419554615074,0.09843354238448428,0.12995070785023205,0.2742317479696393,0.20998671816091516,0.14031308808857837
0.14344232870906698,0.09440734218425097,0.1352645065245828,0.2669341840209393,0.21661359124515614,0.14333804731600375
0.1412797548091713,0.09067713734941454,0.12520571119909424,0.28769648292295896,0.2091263647291174,0.14601454899024366
0.14684396531312113,0.09772428017613904,0.12900299999133397,0.2756784570193351,0.21107036720344627,0.13967993029662465
0.1414406825197101,0.09262271887210143,0.13215652234784608,0.28033129146604396,0.20908919316368893,0.14435959163060952
0.1452754317902787,0.0944320924545042,0.13247886818638266,0.2736643913270275,0.21452194611160413,0.1396272701302027
0.14155010907870835,0.09344031463285055,0.12773514680726406,0.278847343634358,0.20282644082793466,0.15560064501888443
0.14694497857087926,0.0938089945125719,0.13299827986086354,0.2744812839969003,0.2123118065003111,0.1394546565584739
0.14420691416812947,0.09301016909003429,0.13181088298512167,0.2810639162256206,0.2065023697429676,0.14340574778812645
0.1489132402492824,0.09185550637428308,0.12759280977458284,0.2812397949969659,0.21042132447513714,0.13997732412974856
0.14955530975231715,0.09287518126296115,0.13491117535963798,0.27426609752110387,0.21269372996337657,0.13569850614060325
0.14450478333494193,0.09376872715185632,0.13211667809503877,0.2838903642290159,0.21027704413378104,0.1354424030553659
0.14567730155433156,0.09208651583931628,0.127205193116377,0.2839758534679212,0.21005153941665708,0.1410035966053968
0.14800537605376804,0.09649503589967165,0.13014748291209802,0.27437629789990314,0.20634980179056928,0.14462600544398993
0.15243154623954785,0.09947443436940905,0.13464377003469816,0.26188159543538725,0.21881223781623296,0.13275641610472466
0.14621376417172877,0.09542846168438725,0.1305020080348433,0.2844943251196708,0.20522845609583934,0.13813298489353046
0.1450190860251147,0.09280940436763448,0.13391440343544456,0.27336387161873904,0.21262813798958113,0.14226509656348615
0.14683755614433236,0.09830085487324983,0.12997214470497886,0.27238135292641913,0.21183919915101138,0.14066889220000856
0.14189655609759258,0.09286097715634246,0.1314933961976297,0.2795375495575642,0.20962757259793358,0.1445839483929375
0.14057425707877996,0.0856332070961896,0.11927518669891395,0.274408769794504,0.2376459020418824,0.14246267728973008
0.14445228475959906,0.09342077889118089,0.12986778596342308,0.28225323542737274,0.20695316291867688,0.1430527520397475
0.13499285298610844,0.08846282853475719,0.12666203669148104,0.2956819170216585,0.202569822689429,0.15163054207656584
0.1487017452418699,0.09457694565197651,0.13075566481248188,0.2814076713821428,0.20715367190518516,0.13740430100634368
0.14157640549216335,0.09266746325032901,0.13224007066399285,0.2787998302358588,0.21022344631586143,0.14449278404179464
0.1391087695985972,0.09199637051190789,0.12808043959557405,0.29535772436590413,0.20846497434099226,0.13699172158702447
0.14676912151830077,0.09173011131100946,0.1336289213490393,0.2783906454177492,0.20980946703448708,0.139671733369414
0.14581357794539687,0.09381772168630798,0.13436855496014563,0.2698199654731648,0.2170191628121821,0.13916101712280263
0.14369554091284056,0.08949805756550017,0.13377370821419768,0.2739529883019252,0.2129679266151013,0.14611177839043507
0.14529219403539445,0.09384323807955315,0.12785173030421929,0.2774169635638975,0.2042122205266243,0.15138365349031133
0.1462850084533513,0.09439124955411017,0.134763219381195,0.2682454265822941,0.21796615533346267,0.13834894069558668
0.14154864512206777,0.09322224063851946,0.13038197570156085,0.27785601647732616,0.21080285385479927,0.14618826820572653
0.14039156984260476,0.09177764994923503,0.1344526149435657,0.2708215901748744,0.21722014706822604,0.14533642802149402
0.1376304731930658,0.09092422832220003,0.13015220736876926,0.28653112545908616,0.2078069784884092,0.14695498716846955
0.149374129627438,0.0933192371909171,0.13183034904152888,0.27713867809223985,0.21282379144581615,0.13551381460206008
0.14534897685996234,0.09760427343889638,0.12985563645425113,0.2722682930590336,0.2100360365203378,0.14488678366751873
0.14441495280820035,0.09377232649157223,0.131644896026287,0.27921242384106115,0.2095171894718535,0.1414382113610258
0.1440346283657325,0.09092131235513491,0.133891197829483,0.27685698876945314,0.21013413263501857,0.14416174004517773
0.1435866048042684,0.09332501143496698,0.12985065905330126,0.27533045329805833,0.21491655131519052,0.14299072009421457
0.1472644240688234,0.09111507205836902,0.1250551929639804,0.2834317583095791,0.19835044755090794,0.1547831050483402
0.1421095581498728,0.09497975977549646,0.12955874217900673,0.27584154435061875,0.2090442386549542,0.14846615689005105
0.13838725004343483,0.08950306409688395,0.1248436490259178,0.28861768707094054,0.20907136164217222,0.14957698812065073
0.14319178525287626,0.09238152915147818,0.12954497082466174,0.2845598429441474,0.20916647413734313,0.14115539768949337
0.1477849329584323,0.09427852228872004,0.1291113791702007,0.2858325039731604,0.2054083394704725,0.13758432213901406
0.14792979864102268,0.09376506270885535,0.1307419853599225,0.28156418691156204,0.21042231350201113,0.13557665287662632
0.14283138822315697,0.09067975086540928,0.13472767139916852,0.27501838548073515,0.21140413341663084,0.1453386706148993
0.1439247502619157,0.09413616410494942,0.12841352315458104,0.28427318271097546,0.20382231633900255,0.14543006342857578
0.1492049576576866,0.096167211727373,0.13478226129992818,0.2687907186449411,0.2160008389858831,0.13505401168418796
0.13869422041822255,0.08970159964926937,0.12512057700677823,0.28785688425773087,0.20953512339927438,0.14909159526872467
0.14586389229409466,0.09448948678753356,0.1314688175961366,0.27803944992642327,0.21290155902928515,0.13723679436652658
0.14325189790859508,0.09277634547574695,0.1356265875775854,0.27891511598989416,0.20913390131688278,0.14029615173129553
0.14753554625830306,0.09560323363501953,0.13275788808997482,0.2694546250150315,0.21109302519836207,0.14355568180330905
0.14178002595507,0.09378058827321399,0.12729619868231026,0.28482862257043423,0.202821828986583,0.14949273553238848
0.13795962664036787,0.09163532933155097,0.13176377368062872,0.2824215972276775,0.2085538448099582,0.14766582830981662
0.14307758693505182,0.0943493190297602,0.13062303758744737,0.27572303570046836,0.20658686130756776,0.14964015943970446
0.14702497965350736,0.093817432447536,0.13050114245142874,0.279819089339899,0.2107246379330421,0.13811271817458673
0.13962601566433339,0.0917211735184766,0.12664396725544944,0.29573019177312104,0.19956953015429785,0.1467091216343217
0.14113154161739752,0.09106985548643737,0.12798253476873855,0.289087022813307,0.2043278445205968,0.14640120079352284
0.14367194616161708,0.0939036082197988,0.13346600971506567,0.2787576394501774,0.2116827849412122,0.13851801151212875
0.1451468818690837,0.09388868542659595,0.13208755879056558,0.279722933978694,0.21367409841164975,0.13547984152341103
0.1435587567528074,0.10029241513148456,0.12807706633565683,0.2892029727370657,0.2051589307435322,0.13370985829945342
0.14002022167081682,0.09078365607891357,0.12888928379140172,0.2930066696432506,0.20600099464415292,0.14129917417146437
0.14460782857473167,0.09656356323385698,0.1292707059889664,0.27459933026575006,0.20534548121576776,0.14961309072092718
0.14319753856321973,0.09365111802792277,0.13265687654841019,0.2805388211513333,0.21109371352093842,0.13886193218817564
0.14441495280820035,0.09377232649157223,0.131644896026287,0.27921242384106115,0.2095171894718535,0.1414382113610258
0.1496136374178086,0.09075248542137684,0.14645840070665736,0.2585531697173992,0.22107301353842979,0.13354929319832828
0.14153777470248444,0.09183336855894862,0.13496913723126722,0.28127604529716965,0.20741326302127372,0.14297041118885648
0.14018599634637352,0.09163218073383443,0.1320801916926491,0.2820812752526172,0.2124211665026973,0.1415991894718286
0.15488158190308846,0.10246199952448931,0.13475487857100865,0.2588015348082777,0.21954782515558402,0.1295521800375518
0.1354275666310946,0.09050362763601344,0.131361491390313,0.2799248897078616,0.20993908200604441,0.152843342628673
0.14500179532270505,0.0935007384853082,0.12948337601495397,0.2779400526572128,0.20690621758090885,0.1471678199389111
0.14643578602993051,0.09856212281156705,0.12910719478072627,0.27638525656150503,0.20889006805588467,0.1406195717603864
0.14189655609759258,0.09286097715634246,0.1314933961976297,0.2795375495575642,0.20962757259793358,0.1445839483929375
0.14472827422389822,0.09442223313868243,0.13251739399690626,0.27785822385879594,0.20972164873854296,0.14075222604317422
0.1434033389922611,0.0918281743225541,0.13571454968626312,0.2680200979844997,0.2095117782302317,0.15152206078419028
0.13892754468277596,0.09178112593756452,0.13137880140411828,0.27980717752449996,0.2097654147337168,0.14833993571732446
0.1395420069657244,0.09067910668573131,0.12849811895089447,0.2880962917468468,0.20514347785323167,0.14804099779757135
0.14086686088684947,0.09207822628989512,0.13032011293997295,0.2786701300351768,0.210869284079186,0.14719538576891966
0.13562557732091074,0.08854785290511674,0.12510821316016177,0.28790464816903827,0.21004364810699197,0.15277006033778048
0.14875514242122284,0.1012078969328513,0.12921061119348534,0.27010158562716285,0.21193711571583002,0.13878764810944771
0.14351173800980152,0.0945451076847642,0.13415134644811644,0.2688042099785495,0.21291355069977227,0.14607404717899616
0.15055176757945873,0.09480089610835311,0.13409874790440393,0.27477710226570673,0.2110218780368463,0.1347496081052312
0.1472962562074269,0.09520091987944242,0.1332468166763796,0.2787091660182001,0.21140087514148795,0.13414596607706306
0.14517969126685923,0.09351037817905261,0.1304710334408801,0.2830530181977035,0.20797417393938297,0.13981170497612175
0.13843943457589658,0.0882281874994272,0.135983127885373,0.2801780870706473,0.2093123689682512,0.14785879400040472
0.14023050530309286,0.09160643924829681,0.132410828165148,0.2818830457198851,0.21242562220980762,0.14144355935376965
0.14079169941112504,0.09029219537353748,0.12495416705830552,0.2882106479817394,0.2105413763387116,0.14520991383658102
0.14219250508148218,0.09023435718407082,0.12351926569248851,0.29072406398904155,0.20824217659629868,0.14508763145661815
0.14656113741871885,0.09454464379520419,0.13180531547569743,0.27887699472156646,0.2094276324879403,0.13878427610087277
0.14380757118885085,0.09505245462448932,0.12884941151946305,0.27536360248720376,0.20473710450241359,0.15218985567757945
0.1439290592995301,0.09175057398127714,0.12427740591322967,0.29001668629851746,0.20621018312042028,0.14381609138702536
0.14105256506490105,0.09230864640102078,0.13488078261409236,0.27787487928835136,0.2097909767214111,0.1440921499102233
0.1431561705293858,0.08967047695976597,0.12615064954529745,0.28862135073917183,0.21074112013197838,0.1416602320944006
0.14365842906684917,0.09285538728041082,0.12625288915728503,0.28040210392555426,0.20753771972568594,0.1492934708442149
0.14264884535198663,0.09252202229753975,0.13211058459442043,0.28088839991215714,0.21341026289709053,0.13841988494680554
0.14174882282704965,0.09399065737017157,0.13315349429561477,0.275239867802567,0.20964823396964252,0.1462189237349546
0.1354275666310946,0.09050362763601344,0.131361491390313,0.2799248897078616,0.20993908200604441,0.152843342628673
0.13892754468277596,0.09178112593756452,0.13137880140411828,0.27980717752449996,0.2097654147337168,0.14833993571732446
0.14256839143661157,0.09319612106034884,0.13185309901331307,0.278010045915687,0.21036335388044364,0.14400898869359585
0.14518866138729802,0.09126472333427986,0.1353049406284378,0.27261897383742556,0.21389742125572903,0.14172527955682981
0.14437296141246797,0.10024172666609632,0.1290512482386187,0.2894984114112171,0.20748734019450288,0.1293483120770971
0.14042338730451412,0.09118050080908023,0.12800628925117855,0.2901002591355983,0.203984015059967,0.1463055484396617
0.14318855372812975,0.09464827602684375,0.13501989926441685,0.26604859773619466,0.21792275585483367,0.14317191738958138
0.13760132168993125,0.09213347324434015,0.12942379500318382,0.27650842166627004,0.2061960277170146,0.15813696067926014
0.14532685693008135,0.09442835012649803,0.13303713798797145,0.2789773093258495,0.21169811188532817,0.13653223374427167
0.13995367487032115,0.09227661131526721,0.12956634512663542,0.2862356908971809,0.2066061837704894,0.14536149402010592
0.14581357794539687,0.09381772168630798,0.13436855496014563,0.2698199654731648,0.2170191628121821,0.13916101712280263
0.13661028329776376,0.0895227547246393,0.12817965049805702,0.2887602824320436,0.20499693319340684,0.15193009585408948
0.13839337268224117,0.09153205494657181,0.13087365408193574,0.2800302879825734,0.20895887337082739,0.15021175693585054
0.14425440821559601,0.09313867761453248,0.13000296715176532,0.2816573191708808,0.20803192598699694,0.14291470186022845
0.1450426405942652,0.0955165556170411,0.13239891869674078,0.2756887207122623,0.21181801980074752,0.13953514457894312
0.13779495113841633,0.09147263414757127,0.13284251782270143,0.28054496096962594,0.21153843430340888,0.14580650161827616
0.14941031969015348,0.09942533470922205,0.1306131443848444,0.2727324224417371,0.21041028279510615,0.1374084959789368
0.14373985740336656,0.09408480695194284,0.12889651796490725,0.27740529755816495,0.2039200101553585,0.15195350996625995
0.1409450678395508,0.09161029808336371,0.12978556720484785,0.2819576259851901,0.20983331265622635,0.14586812823082118
0.13828627766266657,0.09279837552025665,0.12469774737562939,0.28551563584571077,0.21084018824276393,0.14786177535297274
0.13651754078429085,0.09018898039276307,0.1290997470647848,0.2898838232969878,0.20612657213824778,0.14818333632292566
0.14892491098994354,0.09591818233464175,0.13334754877462282,0.26660149906631975,0.21451704512854466,0.1406908137059275
0.1439455264271459,0.10148146577911157,0.1274248675085541,0.287299175989611,0.20492307885338615,0.13492588544219128
0.13759649027931878,0.08974274711566461,0.128609295765612,0.2937749547588095,0.2058913736637061,0.144385138416889
0.14105256506490105,0.09230864640102078,0.1307112824501147,0.27787487928835136,0.20838072210104153,0.14967190469457062
0.14521941748636674,0.09391794868089705,0.1312818406105716,0.2687141516450084,0.2118979709680573,0.1489686706090989
0.13622306338034984,0.08879956213467283,0.12988135916034238,0.26341129416091796,0.23708440340040063,0.1446003177633164
0.14283138822315697,0.09067975086540928,0.13472767139916852,0.27501838548073515,0.21140413341663084,0.1453386706148993
0.1349488967596378,0.09020669846266295,0.13137372582641513,0.2789256474828391,0.2093038441625417,0.15524118730590328
0.1462351077012645,0.09433432635330752,0.1315163420422765,0.27997866297734625,0.20897656461524183,0.13895899631056352
0.13651754078429085,0.09018898039276307,0.1290997470647848,0.2898838232969878,0.20612657213824778,0.14818333632292566
0.13439537990487643,0.09000976480575507,0.13240712534507387,0.2817064337490555,0.21271497347928292,0.1487663227159561
0.13854038695970866,0.09216164828592319,0.13097497051153092,0.28039719191553203,0.20801503794128182,0.14991076438602333
0.14248025852533266,0.10043293138535635,0.12154733143060369,0.2848973936240251,0.21194342559506055,0.13869865943962162
0.1449768046592559,0.09482427622753517,0.12935219431063216,0.2787549319010429,0.20531220715896428,0.14677958574256958
0.13618127926920737,0.09166348703787663,0.1333660747335084,0.2741564075839592,0.21335167564109433,0.1512810757343541
0.14613598301202393,0.09438257221327166,0.13162384429048007,0.27764291050044193,0.21162176757740322,0.13859292240637927
0.14428001076214755,0.09262769360617418,0.13066286356613815,0.2784773778637627,0.2115265173329468,0.14242553686883067
0.14467830402126156,0.0945391646581109,0.1332859015732019,0.2672968675578002,0.2135041320910947,0.1466956300985307
0.14198600557360486,0.09350067803745435,0.12839820899255588,0.27874440527911953,0.20407830033890925,0.15329240177835615
0.14462482546577426,0.09349247715609925,0.13204946846573387,0.2815833326675533,0.21063317452842184,0.1376167217164174
0.1453446012735607,0.09328760457190301,0.1301477689223254,0.2804061617270167,0.21143130753590067,0.13938255596929344
0.1465064833910406,0.09372709515481778,0.13048833346324168,0.2773188919552635,0.2148402144470557,0.13711898158858082
0.1444616973476885,0.09329943554067194,0.1315376105043394,0.277804364197524,0.20913293167421826,0.14376396073555792
0.1410255566183779,0.09002207852659272,0.13434090641606009,0.27864831521759886,0.213961489331078,0.14200165389029232
0.1412797548091713,0.09067713734941454,0.12520571119909424,0.28769648292295896,0.2091263647291174,0.14601454899024366
0.14658559378863004,0.09393455215198157,0.1316249771674803,0.2850055798890499,0.20400037422631118,0.1388489227765471
0.1498977355698338,0.09384538568549614,0.1406023957600337,0.2659883749598081,0.21526522713380675,0.1344008808910217
0.14117531058579819,0.09239635545515647,0.13191663792030833,0.27908617307261113,0.2091558616466446,0.14626966131948121
0.14527156332698588,0.09385702778223731,0.12748091875236092,0.27626610363574433,0.21092227112836326,0.14620211537430847
0.14469268303827856,0.09521797828766113,0.14284332781666073,0.26963731057827295,0.21070783624180248,0.1369008640373241
0.13985275744980788,0.09032886830567094,0.13814823895895265,0.2753797736888248,0.21029761656333654,0.14599274503340723
0.1486350988210755,0.09865414787988856,0.1337594503332408,0.2630275697842918,0.21727750659903303,0.13864622658247028
0.140972516109791,0.09225626018111316,0.13138437399272024,0.2810306777426769,0.20992212175480573,0.144434050218893
0.14392183706747308,0.09363860898857589,0.13037595466289295,0.2805039482794334,0.20773229227286788,0.14382735872875674
0.14635380708089857,0.09621639101955594,0.1256708235654183,0.27980522958887033,0.21029634195007035,0.14165740679518643
0.1440577092703197,0.09633506034450681,0.12688793416656655,0.2866118071034956,0.2065137597625368,0.13959372935257458
0.14712789373678817,0.09846278663934295,0.1299933541112143,0.27358697861541564,0.21006323875679245,0.14076574814044637
0.14186693425463057,0.09289030776610516,0.1316592677032952,0.2790877445606491,0.21014444793609707,0.14435129777922287
0.14232032364825287,0.09241223014665821,0.1298870729746008,0.2859145824748138,0.20647830183560684,0.14298748892006738
0.14924516723652476,0.09466590316194338,0.13333115904681975,0.2768881143016928,0.210142890343296,0.1357267659097233
0.13776116781497572,0.09229459164088143,0.12921962568336356,0.2769919657242573,0.20585718299460498,0.157875466141917
0.14426799388715564,0.09368647407796318,0.1314657223901204,0.28047320537532194,0.20936488101580203,0.14074172325363687
0.14508206795535325,0.09852611353191487,0.13005772376479444,0.2726796310719529,0.21089331501328137,0.14276114866270326
0.1388216920764518,0.09171119544671735,0.13162789139568923,0.2795939849637532,0.20974052608190824,0.14850471003548021
0.14653723078822947,0.0943747681485761,0.1319670686017277,0.27837591493633135,0.20989131561100424,0.13885370191413132
0.14936875611849354,0.09744738884695331,0.13615755162319193,0.273877057389977,0.2115091983191616,0.13164004770222262
0.14135766946757078,0.08974412704164972,0.13333756591390086,0.2798455516589784,0.20970895226196515,0.14600613365593518
0.14373328250266415,0.08960077608367513,0.13305997610052214,0.27774106075181926,0.2146813946149896,0.1411835099463297
0.14332746582254394,0.0941807900834641,0.13407910040945775,0.27822059336956756,0.21140351456884132,0.13878853574612518
0.1442477765990346,0.09505015132479452,0.1318079334542726,0.28090849056984807,0.20771782444347955,0.14026782360857065
0.13848268801966465,0.09640436982512715,0.12652880037945283,0.2991855861256474,0.2030739052302324,0.13632465041987563
0.14189655609759258,0.09286097715634246,0.1314933961976297,0.2795375495575642,0.20962757259793358,0.1445839483929375
0.14112003533273257,0.08895794323519682,0.1216761903510739,0.2942623417251412,0.20907322257675115,0.1449102667791044
0.14495146558149502,0.09517968125490485,0.12901706471561944,0.27834503260734905,0.20564313851119878,0.146863617329433
0.14093190902388358,0.09370435151291592,0.1295799891240677,0.2765532401513568,0.20587829848261852,0.1533522117051574
0.13892754468277596,0.09178112593756452,0.13137880140411828,0.27980717752449996,0.2097654147337168,0.14833993571732446
0.14169294077580147,0.09170985986184872,0.13317786164751066,0.277785402303334,0.21326422411077464,0.1423697113007304
0.1383933194651273,0.09142819526357907,0.13087360375641785,0.2818555685737815,0.20895879301879938,0.1484905199222949
0.14717062945502526,0.09604045722824595,0.1302330129366984,0.2760510823690214,0.2062074059967829,0.14429741201422608
0.13531504937712568,0.09024000192660536,0.13097885185131075,0.2791095036337586,0.21195846405828747,0.15239812915291226
0.14676503188206766,0.09485008379190364,0.13350226915835386,0.273452787964226,0.2142015724016765,0.1372282548017723
0.14592384438867292,0.09663150048909791,0.1294693032067834,0.28170386009253834,0.20610865372813858,0.1401628380947687
0.14513867761458824,0.09404299992044977,0.12953181504327513,0.2844738392028867,0.20812565451944598,0.13868701369935416
0.14969759923113687,0.09539593515344384,0.1316442422505455,0.27320340311061875,0.20743575944774711,0.14262306080650794
0.1415415769471682,0.09191484526940558,0.1299336692141713,0.2819718621659734,0.21043095335956294,0.14420709304371856
0.14704089177985316,0.10086841717912165,0.12941642376786716,0.2695967535149891,0.2125239851588592,0.1405535285993097
0.14040605825946872,0.09177602358204269,0.13202097969291984,0.2821093450152413,0.2120438233489894,0.14164377010133794
0.1399888592098508,0.09000280227156515,0.123233183396909,0.29198785180470105,0.20825514573257511,0.14653215758439894
0.1462646223653937,0.094898236694351,0.13315017136953294,0.2774223664620841,0.20957582568378816,0.1386887774248501
0.13894457794485876,0.09146956433909559,0.13127939538595698,0.2777170781883602,0.2123442271882845,0.1482451569534441
0.14449323389815327,0.09036755445988853,0.13223428787269662,0.28177357193343855,0.20757849140909224,0.14355286042673066
0.14548573139056498,0.0930071920835903,0.13665314565979023,0.27216668194107074,0.214294791895206,0.13839245702977776
0.14183347254925296,0.09271464358085554,0.12932547562494315,0.28155008522105773,0.20737256319988262,0.1472037598240078
0.14216456060595425,0.0933104890007929,0.13100666765128796,0.2788992644401524,0.20885162698671528,0.14576739131509717
0.1400264730622227,0.09198398932528248,0.12993684653620835,0.28587827190510245,0.2063797925539112,0.14579462661727277
0.14252759712145555,0.09216106371373865,0.13248157791467005,0.27847117704452024,0.210431485592284,0.1439270986133315
0.14106535177681928,0.09202816353075233,0.13206917298771303,0.2793503929554856,0.21526640107813452,0.14022051767109536
0.13822050701670324,0.08939522170674627,0.12469322470647896,0.28687370223773545,0.21052721307901368,0.15029013125332233
0.1430322896552212,0.0911696043925553,0.1353540936733147,0.26733798033821426,0.22162450413446036,0.14148152780623424
0.14517252016488025,0.09525998902581524,0.1311902263406091,0.27765434576148046,0.2100682039095998,0.14065471479761518
0.14189655609759258,0.09286097715634246,0.1314933961976297,0.2795375495575642,0.20962757259793358,0.1445839483929375
0.14042469783341324,0.09320966760446404,0.12908127184147994,0.2773018132230185,0.20543152412935065,0.15455102536827375
0.14690967859738205,0.09455600239784169,0.13168682101379486,0.2790104437272016,0.21387478565583387,0.133962268607946
0.14793469486485372,0.094516788817564,0.13482246721826882,0.26898484529796557,0.21718098084803666,0.13656022295331122
0.1494700555451254,0.09551543654362199,0.13188721243542767,0.2785665668594305,0.21045626361337952,0.13410446500301493
0.14137131980073345,0.0925172481955721,0.131006667651288,0.28163248427484705,0.2088516269867153,0.14462065309084418
0.13820724215642785,0.09130526510640351,0.130697637112501,0.27932130345250705,0.21097762921631807,0.14949092295584251
0.14581701841235348,0.09219385904931206,0.13366229090121706,0.27357497418972504,0.21141201042556756,0.14333984702182476
0.14449245877343056,0.09377739572358701,0.13131268924588851,0.2785621167684031,0.21019019503307526,0.1416651444556157
0.1479521656067148,0.09457578535949915,0.13446026096297425,0.2692446341993682,0.21697876637508656,0.13678838749635697
0.14462779424763894,0.0938652301228907,0.13143568019793908,0.2785952150850527,0.20998202692468088,0.14149405342179772
0.1400752938250658,0.08954036970371508,0.1344788450824995,0.2767285623406666,0.21087330701593363,0.14830362203211941
0.14235238901510155,0.08883732803180074,0.12829921077764833,0.28298449814957477,0.21044656982246196,0.14708000420341277
0.1460704738741737,0.09434052526997794,0.13214697356768318,0.2769779971032756,0.2101576929606305,0.1403063372242591
0.1422047002039403,0.09354159783262125,0.13238338887872902,0.27673364754305757,0.21188359185160627,0.1432530736900456
0.13892754468277596,0.09178112593756452,0.13137880140411828,0.27980717752449996,0.2097654147337168,0.14833993571732446
0.14586367189699295,0.09559997134727122,0.13050592422458246,0.27576491008145415,0.20585524558759521,0.1464102768621041
0.14341642057209406,0.09294577059863726,0.13445967498348407,0.2699361958270481,0.21722285826243956,0.14201907975629696
0.14120848930263055,0.09092653640613445,0.12590599563139102,0.2871088473767631,0.2091338248656233,0.14571630641745767
0.14285797141892553,0.09191605879303093,0.1316449363260741,0.28216703245552327,0.21262023602487548,0.13879376498157053
0.14162950369471305,0.09295472248115401,0.13173731924431953,0.2801947406654486,0.2094670837377574,0.14401663017660749
0.14261413971446338,0.09329798345977443,0.13175673200059249,0.27816083896071503,0.21013769407424449,0.14403261179021032
0.1390078274937123,0.0915112025862575,0.1313277752789331,0.2777922873531428,0.2124010580568468,0.14795984923110747
0.14461567057414715,0.09253333941850006,0.1327304392891582,0.27330155901010655,0.21767385747720142,0.1391451342308867
0.1423318261427489,0.09032413059595769,0.13531150045168844,0.27831420056191497,0.2098369412395013,0.14388140100818864
0.14313615656113646,0.09047240844885603,0.133055999603207,0.28044572609037005,0.20909123931215837,0.1437984699842721
0.14358265405549614,0.09323189360107534,0.13088619423930467,0.2810161547010357,0.2083096905801071,0.14297341282298098
0.1388188684480958,0.09198865353554159,0.1310333235015961,0.27907138761190614,0.2109454215662506,0.1481423453366098
0.13892754468277596,0.09178112593756452,0.13137880140411828,0.27980717752449996,0.2097654147337168,0.14833993571732446
0.14256759273128794,0.09086910245304475,0.1263642671128285,0.2911330261120943,0.20624007375700484,0.14282593783373973
0.14213449719577254,0.09344161549273819,0.13058000715151327,0.27813146840696173,0.210920774984213,0.1447916367688013
0.14529718215797577,0.09348546815445653,0.1340713712950364,0.2688644036146894,0.21947124503352067,0.13881032974432114
