0.1367645652711557,0.08585345753236555,0.15439842221988734,0.27363700188641465,0.20844120861634394,0.14090534447383277
0.1457701187139499,0.09799504864455455,0.12918422651464337,0.28016213764221953,0.2127864011724232,0.13410206731220953
0.13999465387843474,0.09824753459077522,0.1298769077466201,0.28541096738528826,0.2079934801794875,0.1384764562193941
0.14214401960315734,0.09260695402678042,0.12975893120543847,0.28654293742323694,0.20551727363221173,0.14342988410917504
0.14808474101447425,0.10514162844146334,0.12817328440017098,0.27851657628972415,0.21005691436019,0.13002685549397736
0.14332387860289295,0.09287845126200371,0.13437258901008065,0.2703096870088025,0.21712548250386254,0.14198991161235774
0.1440421347200858,0.09296403791476997,0.13449849116249216,0.27799834579916166,0.21004001660215796,0.1404569738013325
0.14780291234034143,0.09292773976752451,0.13327869449662458,0.2770065991350191,0.21354835756597743,0.13543569669451275
0.14343119760626294,0.09188916700592077,0.13256230373695033,0.2898696079598653,0.2058774009839822,0.13637032270701857
0.13869422041822255,0.08970159964926937,0.12512057700677823,0.28785688425773087,0.20953512339927438,0.14909159526872467
0.14914228860210632,0.09289963812928019,0.1348337066544466,0.26927768454559947,0.21463566075649668,0.13921102131207072
0.14520797975561203,0.09747846628011056,0.1296763872879127,0.27352723568265624,0.21202698437206866,0.14208294662163978
0.14192334182532546,0.09122151183621395,0.13263319812875135,0.2729925192473371,0.20783517207705596,0.15339425688531622
0.14273965225706636,0.08974347559181252,0.12222986750100133,0.2960442398831653,0.2055389236050925,0.14370384116186202
0.138927544682776,0.09178112593756453,0.1313788014041183,0.27980717752449996,0.20976541473371682,0.14833993571732448
0.14159446508808718,0.09300358156625523,0.13025588226066268,0.27868593040356354,0.21257589670785518,0.14388424397357633
0.14189655609759258,0.09286097715634246,0.1314933961976297,0.2795375495575642,0.20962757259793358,0.1445839483929375
0.14831825655847444,0.09636155254583537,0.1328952385520996,0.2724841382509825,0.21240212832885558,0.1375386857637526
0.14416727243643443,0.0897008774184532,0.1419669135087144,0.262502311755568,0.22267891701837694,0.13898370786245312
0.14618647248020397,0.0958279939988939,0.12954673682293713,0.2754196927104946,0.2062972425314766,0.14672186145599372
0.14074405414221366,0.09342164666405932,0.12937483073209233,0.27697478486654104,0.2058987201017787,0.15358596349331488
0.14486775392838805,0.09457591854093113,0.13304740821596478,0.2773034688945452,0.2089761060416925,0.14122934437847826
0.1434148761267642,0.0930527439645192,0.1307125536388975,0.2814817950330201,0.20950800652772536,0.14183002470907374
0.1445034020125839,0.0942328940503956,0.13098974228953877,0.27958716168362147,0.20926912845490722,0.14141767150895315
0.14301100228341695,0.09175257558764148,0.12781844657312352,0.2928163386049079,0.2058148607540416,0.13878677619686844
0.14130769446883068,0.09180944318370193,0.12383780838000737,0.288606480588874,0.20676220714176968,0.14767636623681635
0.14633998367746565,0.09456790565740288,0.13396776866008653,0.26948087596439696,0.2165443572266645,0.13909910881398346
0.14394057569403385,0.10027419815762331,0.12831216039863788,0.2877637327711464,0.20533008486165158,0.13437924811690694
0.14911398259456815,0.09827857635135998,0.1296752068412131,0.27492216336146896,0.2105538717674889,0.1374561990839008
0.1448840184915801,0.09168099883327019,0.1285176566942885,0.27642006663783314,0.2172124473522654,0.1412848119907625
0.1453829678207341,0.09198722574693449,0.1361347754122988,0.27464418952146163,0.21289772029013188,0.13895312120843928
0.1569657373602029,0.1003813441425241,0.12627058384778725,0.2738890735508555,0.20650247754079987,0.13599078355783042
0.1313443988030998,0.08901318190849934,0.1315718241715344,0.27968493435150327,0.210156862733255,0.15822879803210818
0.14663402659163333,0.09133630248383648,0.1287435960922626,0.2791023751884267,0.21243924985632898,0.1417444497875119
0.148866787360832,0.09329115309328134,0.13052654833888097,0.28147861150884484,0.20985666402171385,0.1359802356764468
0.14189655609759258,0.09286097715634246,0.1314933961976297,0.2795375495575642,0.20962757259793358,0.1445839483929375
0.13945152583223344,0.08959054999344478,0.1342067657528693,0.2781418997385103,0.21039107287048986,0.14821818581245236
0.14189655609759258,0.09286097715634246,0.1314933961976297,0.2795375495575642,0.20962757259793358,0.1445839483929375
0.14354257685905816,0.09090981010268744,0.13115017938248996,0.2905116407026592,0.2022935406394979,0.14159225231360734
0.14351543933583122,0.09204468113577942,0.13210176908945942,0.2873304271454671,0.206139176716194,0.1388685065772687
0.14057601757985003,0.09576709119547229,0.12936107509131428,0.27417818714676057,0.21609734100515196,0.14402028798145095
0.1438899258414288,0.09299476162921361,0.13142635656722373,0.28660144361046913,0.20938878725155813,0.13569872510010653
0.14189655609759258,0.09286097715634246,0.1314933961976297,0.2795375495575642,0.20962757259793358,0.1445839483929375
0.14852313944429454,0.09420771580098668,0.13258223727429572,0.27819963684857485,0.2094532278806895,0.13703404275115857
0.13869422041822255,0.08970159964926937,0.12512057700677823,0.28785688425773087,0.20953512339927438,0.14909159526872467
0.14439764599886248,0.09282891138236717,0.1333456941010819,0.27558524383977306,0.21410448643891478,0.1397380182390006
0.15320359461306718,0.09728022584009541,0.13365005761289447,0.2784147468477132,0.21049624827766222,0.12695512680856724
0.141294842283451,0.0912757560274366,0.12249700372909786,0.2854668511072062,0.2040620623377198,0.15540348451508837
0.14492825490879327,0.09179856330202851,0.12842622543385399,0.27747194629200267,0.2164832314114043,0.14089177865191718
0.14996706046681862,0.0976029445916459,0.13463701966328837,0.2665143616407283,0.22005023093083262,0.131228382706686
0.14283138822315697,0.09067975086540928,0.13472767139916852,0.27501838548073515,0.21140413341663084,0.1453386706148993
0.14819600904126004,0.09494092558454738,0.1380805926288084,0.26972154779082236,0.21459798789055393,0.13446293706400772
0.1448459322972776,0.09143344488195797,0.13464536685418807,0.27485601126192327,0.21131775528113475,0.1429014894235183
0.14449637622782566,0.0910729265252577,0.1274309122068555,0.28504994774222764,0.2102254134363258,0.14172442386150777
0.140390671344649,0.09047331453386144,0.1286560355965042,0.2869314164100026,0.20778019466702038,0.14576836744796234
0.14323072538283624,0.09052417602112747,0.13521433378471753,0.27923716669276955,0.20653390852166306,0.14525968959688607
0.14328428354580627,0.09435562053824181,0.1295722441781484,0.27684315343930904,0.2059443318598605,0.15000036643863401
0.14997140131567796,0.09527685279323117,0.13470330981854584,0.2687109582731111,0.21575234797272283,0.1355851298267111
0.14383307543955678,0.09374121894929185,0.13105253646740064,0.2811646535728013,0.2090502199108888,0.14115829566006077
0.13954200696572439,0.0906791066857313,0.12849811895089447,0.28809629174684676,0.20514347785323164,0.14804099779757132
0.15272876708494668,0.08881818265214278,0.13180560947598416,0.28690212214847105,0.20439317287476758,0.13535214576368784
0.13937291543735206,0.09075283319523061,0.13337845640401166,0.27812762715844236,0.21149363090456771,0.14687453690039554
0.14405009141479602,0.09030530312294631,0.1371624647003367,0.27736485435245484,0.20873829843487396,0.14237898797459214
0.14773263466613212,0.09962672438918622,0.1296055783831922,0.2729923039328778,0.2098664662050512,0.1401762924235605
0.14407924102859512,0.0927436124162228,0.13020070707889725,0.2841274644487699,0.2078950409456747,0.14095393408184037
0.15221772137491849,0.0982428056652722,0.13753655922000746,0.26521810896636533,0.21642814976632824,0.13035665500710827
0.14140723915710135,0.08958507992272874,0.13215497776505608,0.2817704646468743,0.21088980514114536,0.14419243336709422
0.1441558285792367,0.09243972163352343,0.1314060850236935,0.2793957087550445,0.2083203332233148,0.144282322785187
0.14474130943989144,0.0954093101715585,0.1359490206317869,0.2653856861071098,0.2165434646350499,0.14197120901460353
0.14422129106190373,0.09113458082045797,0.12647788671821505,0.28868216509419836,0.21086605763021765,0.13861801867500712
0.14666084023818343,0.09346894723845887,0.13145456014321458,0.2731514150339867,0.21561019707712661,0.1396540402690298
0.1437072727034055,0.09310800854746058,0.13054890203483696,0.2776952975204973,0.21326018085666842,0.14168033833713112
0.14302677337778558,0.09044913539684477,0.1326341594624415,0.278671654089428,0.2128671660001887,0.14235111167331124
0.14217171527454758,0.09263821531784601,0.13206170542967788,0.27886697403299915,0.21002428031190348,0.14423710963302588
0.13542756663109456,0.09050362763601343,0.13136149139031297,0.2799248897078616,0.2099390820060444,0.15284334262867297
0.1405657835793253,0.09232759198386066,0.12899676262974838,0.28521874628122756,0.20872695012762751,0.14416416539821056
0.14118418304848304,0.09309320166765896,0.13081010801165047,0.28173431322755277,0.20914210098467,0.14403609305998477
0.14342942640738793,0.0930558754701201,0.13102910789378186,0.2794162629715191,0.208639203080245,0.14443012417694595
0.1454332756571554,0.09385501813539625,0.13103818964995195,0.28013574680747483,0.21011753470090297,0.13942023504911846
0.1458909631453388,0.09431717744769823,0.13518800520433366,0.2689563648473684,0.21693187863988622,0.13871561071537475
0.14283269247702768,0.09403683954495465,0.1343713962102963,0.2822237464058061,0.20892602838783605,0.13760929697407914
0.13502417576348738,0.09023282982228115,0.13070180883990687,0.2817306597825967,0.2082697640227337,0.15404076176899414
0.14646863364763382,0.09437482893063887,0.1348723560127882,0.2751453415093582,0.2108917082646559,0.13824713163492502
0.14850819447258773,0.0935272004269153,0.13662286684088587,0.26713421229366824,0.21880832866467873,0.13539919730126426
0.14455926179118428,0.0966439301405058,0.13061721079730204,0.27795257821964703,0.20949333571618028,0.1407336833351805
0.14434026298455466,0.08947219708173129,0.13501082984264318,0.2719381559220225,0.21602930841013776,0.14320924575891075
0.1445728283668943,0.09077270116235202,0.13518479802861524,0.2736410478984419,0.2154831288208539,0.14034549572284272
0.14179342851588184,0.09274150724200385,0.1312340121053766,0.28031130929401815,0.2096288765083608,0.14429086633435875
0.13869422041822255,0.08970159964926937,0.12512057700677823,0.28785688425773087,0.20953512339927438,0.14909159526872467
0.1453584783246304,0.09835539097691377,0.1302595461396952,0.2727675126781759,0.21022703785160246,0.14303203402898232
0.1401841323496802,0.09168412967203658,0.1349013062244281,0.279006750977875,0.20863818556102184,0.14558549521495828
0.14936212572190272,0.09656493135392727,0.1300824981191255,0.27349192318648397,0.21326380971123962,0.13723471190732095
0.14014267160806232,0.08931366951320631,0.13765614468057755,0.27362726278772975,0.2118875642455883,0.14737268716483565
0.15127419057820024,0.09861866236081983,0.1341401748178236,0.26338161786917885,0.2134298454272766,0.13915550894670087
0.14357739365180341,0.09245494908978985,0.1336339511971897,0.2798954183301807,0.21273056864140388,0.13770771908963245
0.14307268579128207,0.09321489814007695,0.1303207915976278,0.27938636245723497,0.2077186100802303,0.14628665193354792
0.148023739231789,0.09424346310570003,0.13329153285693288,0.27217316703614164,0.21918534914803303,0.1330827486214035
0.14241757219513915,0.0923687974923945,0.1317048438070609,0.28353367161541826,0.21111763650309873,0.13885747838688858
0.13320879320260656,0.08817942162511952,0.12792176870806174,0.2893064338801391,0.20483142166070523,0.15655216092336785
0.14577381412384888,0.10084550686693251,0.12614034899529453,0.2692654624071209,0.20709552032094328,0.15087934728585986
0.14137234442310834,0.09104890349011206,0.12542615040571933,0.28698349835564096,0.2087922428811203,0.14637686044429887
0.13762013044058172,0.09084141103794979,0.13493522806392064,0.2781546287452753,0.20955943436343058,0.14888916734884217
0.13843866245272735,0.08889871329093722,0.12382336600287036,0.2899183239375836,0.21027971809821033,0.148641216217671
0.14830871168866386,0.09634933552785525,0.13252212980185948,0.275390501900914,0.21443964042804026,0.13298968065266714
0.145286984886934,0.09801607993328197,0.13006136061789833,0.27341703222123004,0.21058005334583574,0.14263848899481987
0.1481654413597174,0.09463320192506065,0.1346226276163131,0.2700901935316374,0.21822843293843214,0.13426010262883936
0.14994867489253313,0.09923352552013781,0.1310748007577799,0.27022539133279566,0.2131313547651136,0.13638625273163996
0.14180601229736736,0.0922770728834178,0.131305142264634,0.28720032248516375,0.20948111956175278,0.1379303305076642
0.14007794743946686,0.09156155487088233,0.13171246371831394,0.2832677100408712,0.21154830432639285,0.14183201960407285
0.14617534029895404,0.09340338031961604,0.1343310840345335,0.27277542215815836,0.2109116618894417,0.14240311129929642
0.14768993441279463,0.09521114884478353,0.13161017149271229,0.27819899532753456,0.20951854729797884,0.13777120262419615
0.1463011644538287,0.09824295382482151,0.1309869410123558,0.2720069741642198,0.20998437377246015,0.1424775927723141
0.14103044600524195,0.09158292497818898,0.12946445642054696,0.2809536133473991,0.21147663691597318,0.1454919223326499
0.14204631786060673,0.09212100869549539,0.12998620903602692,0.28553300558361167,0.2068269696533713,0.14348648917088785
0.14452087685022164,0.09309529209041623,0.1307444139174296,0.28436454442294595,0.2110091285979857,0.13626574412100087
0.14546580751568022,0.09376489531843234,0.13250967798944044,0.2857370596413166,0.2132781348541602,0.12924442468097
0.1463728181407413,0.09852358765458162,0.13464498641745945,0.26177383283244327,0.21664380118494206,0.14204097376983232
0.14206859437295724,0.09019547386468653,0.13400815560874263,0.2767122137768749,0.21027512546618607,0.14674043691055272
0.14236070707418053,0.08725199862052518,0.123294425584409,0.2886864211314909,0.21154234083902296,0.14686410675037143
0.14303180930422907,0.09077215075691296,0.13452753894406486,0.27445518670707264,0.2118308986901266,0.14538241559759366
0.13905031525223308,0.09203704712625091,0.1320437721589891,0.27900737007611326,0.2099455780467791,0.14791591733963458
0.14728005469001618,0.09848335431008104,0.13087973888250987,0.28021502171328116,0.20822546439328757,0.13491636601082416
0.1465904823615102,0.09761347009762278,0.13325701891751748,0.2653604166746175,0.21747462388081334,0.13970398806791884
0.1468862819928267,0.09257497299699033,0.13601693054768146,0.27454174656567293,0.21280301878166558,0.13717704911516304
0.1435348205965516,0.09388098771439349,0.1342569281849989,0.27203486367888824,0.20731865962127916,0.1489737402038887
0.1457422218558996,0.09408531261715775,0.13217025097628557,0.27871428182094327,0.20871390382436245,0.1405740289053514
0.1400238906282452,0.0978833615349378,0.12855666985244238,0.2873855948689351,0.20645192547261393,0.13969855764282582
0.14328428354580627,0.09435562053824181,0.1295722441781484,0.27684315343930904,0.2059443318598605,0.15000036643863401
0.13891426618530855,0.09252330029594293,0.1278840697149249,0.2823991780993062,0.2042085535141102,0.15407063219040712
0.1448527202893207,0.09302934527956934,0.13580218791371473,0.2676181914605006,0.2210909411243848,0.13760661393250978
0.13913625331437626,0.09106195873288321,0.1287171947650233,0.2845157578263343,0.20494873965056287,0.15162009571082
0.13776116781497572,0.09229459164088143,0.12921962568336356,0.2769919657242573,0.20585718299460498,0.157875466141917
0.149306959421242,0.09740872201958485,0.13422927809300128,0.26241315819071054,0.22128315831260306,0.13535872396285833
0.15025438632119864,0.09487176151375326,0.13011043481651785,0.284608047782331,0.20590430496778153,0.13425106459841768
0.1434410773358926,0.09270199990190907,0.13026101645639224,0.2776738390965311,0.21363928826656844,0.14228277894270652
0.1464701606466267,0.09359928567545074,0.13470827567864663,0.27218364003635664,0.21861659002549558,0.1344220479374238
0.14171059900238903,0.0917324855150103,0.13169276336708347,0.2802317359394332,0.21203627868599947,0.14259613749008448
0.138927544682776,0.09178112593756453,0.1313788014041183,0.27980717752449996,0.20976541473371682,0.14833993571732448
0.14011188609077102,0.08957946366854211,0.13428994485281157,0.27671553814054833,0.21006054533225593,0.1492426219150711
0.14272502373190907,0.09050074294386758,0.13420884741373612,0.27603014290035144,0.21107118443994588,0.14546405857019004
0.14194970385099007,0.09456403844665248,0.12445866794071868,0.2816136630014228,0.20971901847025093,0.14769490828996507
0.14472354809706503,0.0977156747914885,0.12987291326902284,0.27347051679322676,0.20999248889251546,0.14422485815668143
0.14294028527069946,0.0928147871017508,0.1303006276463674,0.2839703795710862,0.20764015071154054,0.1423337696985557
0.1518170037046478,0.09904816230770433,0.13517606813106148,0.2605567250504619,0.220733037512051,0.1326690032940737
0.14293835788909343,0.09521847246534447,0.12969694131913526,0.27748194758210537,0.20968549049275093,0.1449787902515704
0.1520501772082616,0.0985201074950039,0.13546384575251874,0.26333470577734513,0.21769583149545263,0.13293533227141816
0.15010511631010356,0.09943179481629841,0.13657800763887407,0.2666095119772054,0.21636287728559575,0.13091269197192273
0.14547906058253587,0.09410648246436873,0.14140755280421072,0.274123124555405,0.20811379169604968,0.13676998789743003
0.1408097483497488,0.09267040314743172,0.1337365614553316,0.27900777258493237,0.21218698538290012,0.14158852907965544
0.14243540140931996,0.09248695308339616,0.129840388715812,0.2858534634117837,0.20690673842773172,0.14247705495195656
0.14795475157460883,0.09297539300621736,0.1371961591187156,0.2651098474736225,0.21958640542717742,0.13717744339965837
0.14837761375687242,0.09342128677004952,0.12740808703230297,0.2767400561651028,0.2205177241547029,0.13353523212096935
0.1447650776104459,0.09604549391021436,0.1355650231210877,0.26302413783639017,0.2144048597908497,0.1461954077310123
0.14818411620842997,0.0912770760181904,0.1314025438521379,0.28228488947739083,0.20798368079991325,0.13886769364393772
0.1404916594571013,0.08980652322448468,0.13487857559741886,0.27513720200203934,0.21150011560835216,0.1481859241106037
0.13502417576348738,0.09023282982228115,0.13070180883990687,0.2817306597825967,0.2082697640227337,0.15404076176899414
0.14846235322099982,0.0962841922054744,0.13285946142608654,0.26918455349925224,0.21193422212533025,0.1412752175228568
0.14637774663264974,0.09497468798006148,0.13266165995973223,0.2800891233200671,0.21035735035015987,0.13553943175732944
0.1432481580203525,0.09285801745526416,0.13305500802776515,0.2766695315670949,0.2129974975989317,0.14117178733059152
0.14327517511564702,0.09265869725997619,0.13162945866796355,0.27752455799214937,0.2152981186952518,0.13961399226901228
0.14181563140959225,0.092808017832942,0.13167977649590112,0.2793781271613873,0.20960902187523606,0.14470942522494126
0.15089990660757757,0.0917037020985072,0.14064906271875138,0.2617133549212199,0.22081474752989017,0.1342192261240539
0.14280666013003745,0.09399640093865798,0.12935533663799845,0.2773286790614286,0.20742953980302917,0.1490833834288483
0.14076832902723133,0.08981831670502641,0.13335402826717568,0.2758393361934006,0.2097162708085035,0.15050371899866247
0.15052138782497035,0.09658031532741208,0.1339408563335847,0.2774054490269164,0.21122211681886355,0.1303298746682528
0.14515518469748948,0.09254650400105119,0.133817820823599,0.27464956978311095,0.21115606375660095,0.14267485693814833
0.14433025739506422,0.10048273661747555,0.12830903860259962,0.28692918514456056,0.20603685268414576,0.13391192955615452
0.14199807855227778,0.09250205919286543,0.1337542422287091,0.2823261774791739,0.20774819850953827,0.14167124403743564
0.14376460551199316,0.09516687645527959,0.1286958692263158,0.27569507848805047,0.20455140658440002,0.15212616373396087
0.14205601614565375,0.0916664036479917,0.12882087743898388,0.2874201795760179,0.20527149214154838,0.1447650310498043
0.14431281963393888,0.09304606982671282,0.1350140655653928,0.2712699246716918,0.21246636961517953,0.14389075068708407
0.1425777101130148,0.09112840391939855,0.1313597977780965,0.27858489488859356,0.20619112819746171,0.1501580651034347
0.14086074684204436,0.09032248524266365,0.1312094242818189,0.27695522515307686,0.2117667331174041,0.14888538536299212
0.14979230018494283,0.1008840730337061,0.12855947054794178,0.27385563409951297,0.20771050657045598,0.1391980155634403
0.14269198468203798,0.09128418838259515,0.12459403100744691,0.2899672479269524,0.207958327071035,0.14350422092993267
0.1400243968378737,0.09262988593250858,0.12961063524630545,0.28657605149185006,0.20668582903396357,0.14447320145749865
0.14575644441573377,0.09305428994335663,0.13250844289361424,0.27765229514858186,0.21074791153131245,0.1402806160674012
0.14189655609759258,0.09286097715634246,0.1314933961976297,0.2795375495575642,0.20962757259793358,0.1445839483929375
0.1439731230002556,0.0917228532273309,0.12979815469662287,0.27741676084780564,0.2101724789692952,0.1469166292586898
0.14626227102443892,0.09418701512109995,0.13591345804262,0.2673817579897949,0.21791443922197593,0.13834105860007034
0.1449698236546809,0.09392535218468086,0.12786153030110775,0.28817703958832214,0.2031577861570488,0.14190846811415952
0.15006668763118006,0.09316217834062805,0.13091136101166587,0.2721083865484116,0.2105991555393118,0.1431522309288026
0.14596066181896425,0.09164407784240257,0.13648251065577163,0.2680788827591876,0.2175516689325224,0.1402821979911516
0.14146826757037534,0.0935471393771256,0.13359508739115591,0.2782117177424867,0.21177118394105096,0.1414066039778055
0.13949818380269227,0.0912073295134401,0.13427766858128873,0.2819876450010194,0.2071008527296501,0.1459283203719094
0.14581357794539687,0.09381772168630799,0.13436855496014566,0.26981996547316484,0.21701916281218211,0.13916101712280263
0.13954200696572439,0.0906791066857313,0.12849811895089447,0.28809629174684676,0.20514347785323164,0.14804099779757132
0.1437794588532158,0.09303437516274081,0.13013891801026237,0.28051938487656924,0.20988707405572185,0.14264078904149005
0.14498139044142166,0.09680305399430972,0.12923500326059845,0.2738248629877262,0.2058944499086332,0.14926123940731081
0.13120756153826138,0.08927664809329086,0.1393784030742544,0.27513680883508823,0.20878693535990275,0.1562136430992025
0.14640963671374826,0.09705056382989372,0.1267622535339651,0.2756953841460845,0.20929839081826448,0.1447837709580439
0.14253888973238454,0.09049405155518266,0.13445176817481586,0.27650304533542563,0.2109712076379441,0.14504103756424724
0.1484199257494145,0.09637459282058655,0.1309907507951524,0.2738160803609921,0.211855778175119,0.13854287209873548
0.14439420952824,0.09389146909724944,0.13217184200010362,0.28442889295960405,0.20672838800296017,0.13838519841184277
0.15624140291341018,0.10571255901368964,0.13699297083188575,0.2547494881797031,0.2147637500296486,0.1315398290316627
0.14581357794539687,0.09381772168630799,0.13436855496014566,0.26981996547316484,0.21701916281218211,0.13916101712280263
0.14508412296003184,0.09134351581985235,0.14000160067426756,0.27354924243840517,0.21265486728827185,0.1373666508191713
0.14351222583265882,0.09377646486967232,0.1327738196830252,0.2826894896714841,0.2072505282480225,0.139997471695137
0.13952960770388984,0.08981662130361544,0.13795067981067607,0.27347207032374515,0.21056873105547422,0.14866228980259918
0.14389961655010278,0.09343770546440304,0.13117512896410521,0.2802550780069378,0.2087695397144704,0.1424629312999808
0.138927544682776,0.09178112593756453,0.1313788014041183,0.27980717752449996,0.20976541473371682,0.14833993571732448
0.14724419263190072,0.09560702043905348,0.13177369870120997,0.2769181142497223,0.2115962953503433,0.13686067862777027
0.13853427656475453,0.09174005584334105,0.13122523462105143,0.27888224037320025,0.20980993647305857,0.14980825612459428
0.15061750860559242,0.09693178357239507,0.1327196193736532,0.26600726003458114,0.21413239388485483,0.13959143452892345
0.14062500675374287,0.09202884057868528,0.13051933908475938,0.2804685189147795,0.21090864194326076,0.14544965272477217
0.138927544682776,0.09178112593756453,0.1313788014041183,0.27980717752449996,0.20976541473371682,0.14833993571732448
0.1425431977676692,0.09287985174534151,0.13299430578954755,0.2762179933459465,0.21259294752072444,0.14277170383077073
0.14286482553185803,0.09034951325106184,0.12708341060156805,0.29107120407801473,0.2123639686318489,0.13626707790564835
0.14849357465525773,0.09236297337236771,0.13389967546938866,0.27757664658513675,0.21001603614013456,0.13765109377771473
0.14357877581946094,0.09311387388577906,0.13209080778084584,0.27761207411672856,0.21310858876091596,0.14049587963626956
0.15035179733972728,0.09329719159549953,0.13610725636568224,0.2665506152375397,0.2171108260789824,0.13658231338256893
0.14441495280820035,0.09377232649157223,0.131644896026287,0.27921242384106115,0.2095171894718535,0.1414382113610258
0.1548003942048369,0.10246280113727058,0.13636277231814414,0.25469216304045694,0.2199095789887353,0.1317722903105561
0.138232354406164,0.09108857359889835,0.13231293667555333,0.27722973792621336,0.21329562575066363,0.14784077164250733
0.1400360249483147,0.09199456062132219,0.1304581748803351,0.28240361038023687,0.20774106716624816,0.14736656200354306
0.1419449312792167,0.0983118042992789,0.12599589708177822,0.2948758032220292,0.2018208064117127,0.1370507577059844
0.146320374253081,0.09646946400011655,0.13153308172545977,0.2743142649252834,0.20511022198147383,0.1462525931145854
0.14189655609759258,0.09286097715634246,0.1314933961976297,0.2795375495575642,0.20962757259793358,0.1445839483929375
0.1473253160125476,0.09474445277895617,0.1332067827324085,0.2753645208648462,0.21263384685457298,0.1367250807566687
0.14796255193341584,0.0949436099866325,0.1258696728182946,0.2738873696612469,0.2069078636907126,0.15042893190969753
0.14577311428396036,0.09187814727814977,0.13566455531673766,0.26912818268073624,0.216883714223749,0.14067228621666703
0.13776116781497572,0.09229459164088143,0.12921962568336356,0.2769919657242573,0.20585718299460498,0.157875466141917
0.14130769446883068,0.09180944318370193,0.12383780838000737,0.288606480588874,0.20676220714176968,0.14767636623681635
0.1516565589703122,0.09622150226635096,0.13403532849584485,0.27449549471154605,0.2093641068552665,0.13422700870067952
0.15013486459385758,0.09851266010733517,0.13248849492271345,0.27366995679631695,0.21062145856715772,0.1345725650126191
0.15024802023528205,0.09488139953533425,0.13437235190798766,0.26753832764379076,0.2187617208256841,0.13419817985192112
0.1469485912380741,0.09520803814145541,0.1302137713869459,0.27602078655033097,0.20719116252262254,0.144417650160571
0.14961399951752433,0.09336973156569588,0.13344739363397165,0.27903754032816763,0.21121608696797234,0.13331524798666822
0.138927544682776,0.09178112593756453,0.1313788014041183,0.27980717752449996,0.20976541473371682,0.14833993571732448
0.13934720497342698,0.09203308078394477,0.13085690976549555,0.27869566619378316,0.21066141999369373,0.14840571828965576
0.14296450128797192,0.093014812504384,0.12721721492594995,0.2903058751748964,0.20239404773344555,0.1441035483733521
0.13488702231536281,0.09014239230786926,0.13083717636905515,0.28108828072170794,0.2091011331286387,0.15394399515736598
0.14243245970847995,0.09334722196678175,0.13340082203950918,0.28035431951148454,0.21200039752259264,0.13846477925115186
0.138927544682776,0.09178112593756453,0.1313788014041183,0.27980717752449996,0.20976541473371682,0.14833993571732448
0.1505861626384987,0.0960604277209121,0.14156917383060758,0.2692222331272071,0.20691450643638892,0.13564749624638567
0.14012422656597276,0.09164541962511087,0.13523597704514334,0.2700279436781248,0.21776424998205454,0.14520218310359378
0.14328428354580627,0.09435562053824181,0.1295722441781484,0.27684315343930904,0.2059443318598605,0.15000036643863401
0.14288699541770755,0.09278018463575767,0.1302520500093571,0.2868385919251247,0.2073004291443134,0.13994174886773966
0.13878645747005802,0.09174011404439646,0.13307956274932484,0.2794517007025607,0.20954554924412153,0.14739661578953842
0.14321320127498793,0.09299199845113858,0.13075075801788916,0.2831250342776303,0.2078514947937615,0.14206751318459257
0.1414442079488665,0.09334477257685686,0.1327177547429827,0.2774259839130403,0.2096805567091218,0.1453867241091318
0.15062989428544035,0.09904450718240748,0.13344149451692527,0.2637056737802989,0.21777866370668564,0.13539976652824237
0.1387107212909251,0.09156536429747694,0.1318749029061044,0.27951710338466523,0.210260195072799,0.1480717130480294
0.14718159223318408,0.09831761263844332,0.13040202661942574,0.27301807609567663,0.21117234324352935,0.13990834916974088
0.15019771722695646,0.09653680829682379,0.13636455971944747,0.270355429465613,0.21686950588956694,0.12967597940159234
0.14606039528323905,0.09078572408691181,0.13372996641637927,0.27483710733073413,0.21109386625925083,0.14349294062348486
0.14438527098491927,0.09379688709768116,0.13179088708611755,0.2788164084353822,0.2099729411177987,0.14123760527810117
0.14807960516863078,0.09349150752481869,0.13387706345138903,0.2726451058652016,0.2119881639938544,0.13991855399610545
0.1435998592327687,0.09334786949457477,0.13086767593594528,0.28158303885944186,0.20853318496473355,0.14206837151253576
0.13732699502782067,0.08881733566025578,0.12388715841709541,0.2902166539651688,0.20746955974400008,0.15228229718565914
0.14828328718657113,0.09435243624100138,0.1338956716039331,0.2683542936681057,0.2186283396836429,0.1364859716167459
0.14581357794539687,0.09381772168630799,0.13436855496014566,0.26981996547316484,0.21701916281218211,0.13916101712280263
0.14350614012330545,0.09666462737684632,0.12339090730491152,0.2867949239654723,0.2061534869728381,0.14348991425662622
0.13917907122914747,0.08872217999397163,0.12529177501353989,0.2888662375458434,0.21047701870587907,0.14746371751161855
0.14500063638718028,0.09294057059997225,0.13246058959395837,0.2799181086691221,0.21208815616132212,0.1375919385884448
0.145286984886934,0.09801607993328197,0.13006136061789833,0.27341703222123004,0.21058005334583574,0.14263848899481987
0.1440424335045773,0.09295744146414378,0.12978501401363937,0.2862413352809195,0.20810808863061891,0.13886568710610092
0.15035476380863821,0.09937837743276874,0.1311565585668504,0.2798489140307057,0.2081735110159487,0.1310878751450881
0.14446524108924283,0.09390311676706514,0.13145704604912245,0.27710541079622225,0.21273149794774482,0.14033768735060254
0.13533104466673457,0.09043912387109732,0.1312856854053379,0.2798055626045298,0.20985181719723442,0.1532867662550659
0.13664325029611024,0.08782529411983223,0.12261256002996167,0.29541468831037293,0.20539038875479584,0.1521138184889271
0.1423939831626278,0.09165700729608346,0.13004673456938687,0.2823913788155855,0.2119446994427034,0.1415661967136128
0.13962474966954438,0.09774833141760281,0.12838003275252005,0.2869151122028554,0.20586343004451918,0.14146834391295804
0.14302192381924242,0.09268277491741972,0.13408949280560575,0.2706273720783086,0.2166680424824679,0.14291039389695553
0.1431182009929673,0.09311761797251907,0.13424584680710627,0.2679260075483532,0.21909086308452877,0.14250146359452537
0.14733495590363047,0.09505148734708797,0.14279392373941008,0.2727238685577542,0.20889892833779095,0.13319683611432623
0.14479325024107326,0.09768298791852115,0.13001901267133992,0.27408712708789545,0.21126386724133867,0.1421537548398316
0.14483708571386447,0.0950255191480357,0.13207006146334443,0.2771630441509887,0.2089191580580132,0.14198513146575353
0.1484024487348626,0.09520348800737508,0.13196191704762164,0.27855200624311566,0.2093539632300283,0.13652617673699666
0.14189655609759258,0.09286097715634246,0.1314933961976297,0.2795375495575642,0.20962757259793358,0.1445839483929375
0.14681349610228192,0.09623297787388932,0.13373620268553385,0.26946474881979227,0.2053593310862046,0.1483932434322981
0.1416555080375607,0.08899630056289458,0.12520379676878984,0.29866794994105217,0.20142066269771558,0.14405578199198718
0.1448459322972776,0.09143344488195797,0.13464536685418807,0.27485601126192327,0.21131775528113475,0.1429014894235183
0.14627530454254364,0.09464537403436404,0.13546495049116555,0.2724659205081378,0.20986351188682267,0.1412849385369663
0.14165994247683072,0.08967409873622019,0.12856892317171154,0.28517623308386086,0.21124958924119921,0.14367121329017749
0.1409106360912646,0.09256479980237749,0.1307573010781617,0.2846074513575097,0.207319218214345,0.14384059345634162
0.14275030749442033,0.09723317988765438,0.1298688416190098,0.27357186046617876,0.2106895464454553,0.14588626408728148
0.1499899786276054,0.09452384057965328,0.13273226927055548,0.2768396033309148,0.21014891073061376,0.13576539746065713
0.14343262808697127,0.09326974895930332,0.13454364340801628,0.2696341539993212,0.21674336274442405,0.14237646280196384
0.13627565679263215,0.09129935738612126,0.12782622011559458,0.28302787585439143,0.20403434731815,0.15753654253311067
0.15168482684362097,0.09540983570354968,0.1332656345205517,0.2711415128761625,0.21721884540987912,0.13127934464623595
0.15006447443944457,0.09596002190308302,0.1321166166375948,0.2663081007915689,0.21523982540864073,0.14031096081966787
0.15018502749914658,0.09597523604374555,0.13505342109199078,0.26576204107084367,0.22032106707467466,0.13270320721959872
0.14121313089868825,0.09582747830153551,0.1308580850940268,0.27756790991045094,0.21096819525051821,0.14356520054478028
0.1404021543483758,0.0902973317134089,0.12569513298724297,0.2855321256660919,0.21018573741015611,0.14788751787472423
0.14675639393263382,0.09643854133137916,0.13074835246968072,0.27774147996501947,0.21152122877343654,0.13679400352785032
0.14687122389275714,0.09484229233175956,0.13542108819763438,0.26887320347809657,0.219561325190651,0.13443086690910122
0.14328428354580627,0.09435562053824181,0.1295722441781484,0.27684315343930904,0.2059443318598605,0.15000036643863401
0.14504227882834655,0.09307835452694585,0.13266761508159255,0.2780632287508049,0.21032025858434641,0.14082826422796374
0.14803007006061233,0.09478099227812203,0.1342351556284538,0.269044070479037,0.21675664338918624,0.13715306816458844
0.1419231918670308,0.0926907506713655,0.13197750493157134,0.2788669740329992,0.20949173015293893,0.1450498483440943
0.1482055619864284,0.09640389351053083,0.13038841761521847,0.2681059993906556,0.2113879347754241,0.14550819272174256
0.14626948084519395,0.09363816512009047,0.14603694825906652,0.2729051076473567,0.2066152616382004,0.13453503649009194
0.14517523566918802,0.09102725977497302,0.1395168771324965,0.27260214071238964,0.21478743652195742,0.13689105018899553
0.14041776323504818,0.089759286521554,0.13504868976282017,0.27499248451594244,0.21148202173294722,0.14829975423168804
0.14863935330402706,0.0957169512812891,0.13165072223364394,0.27055617390370995,0.2190348970518967,0.13440190222543325
0.1416682525712609,0.09271156910073877,0.13128183076667868,0.2796153620026418,0.2096595462086922,0.14506343934998753
0.14552687280507212,0.09468157992138237,0.13323390123341922,0.27896895870742794,0.21156963787062397,0.13601904946207433
0.14504227882834655,0.09307835452694585,0.13266761508159255,0.2780632287508049,0.21032025858434641,0.14082826422796374
0.14616485485216976,0.09217390872260402,0.13748989969090983,0.26847766535013057,0.21584535859576567,0.1398483127884201
0.14844420537688058,0.09307670715189097,0.1287437512011307,0.2767054996664451,0.21598804091979779,0.13704179568385488
0.1528842203346375,0.10402751244511382,0.1286099099695594,0.2647148048750517,0.20971003396985607,0.14005351840578148
0.14871276324956187,0.09531911599752231,0.13344929236955952,0.26923432152937393,0.21371691713479857,0.13956758971918376
0.14491661011050766,0.09447048968968041,0.1277540289955405,0.2773129904955709,0.21279012824036725,0.14275575246833339
0.14077380319320207,0.08998419239832467,0.13523022854997466,0.2746653619593224,0.21148838779185683,0.14785802610731943
0.14488235553910928,0.09847055192655703,0.13165154747245217,0.27212113636344987,0.2106998630910437,0.14217454560738804
0.14275030749442033,0.09723317988765438,0.1298688416190098,0.27357186046617876,0.2106895464454553,0.14588626408728148
0.14431853401866993,0.09282216531536402,0.12677445625560257,0.28629151329189284,0.20407730556054499,0.14571602555792568
0.14810103526605284,0.09777943953533749,0.1244953100752064,0.2821788078035363,0.2094746335887324,0.13797077373113464
0.14335458485955735,0.09395978349606576,0.12936887828756755,0.27568175177209525,0.2054205727471241,0.15221442883759
0.14315937398390197,0.09015200384454711,0.13536739712342724,0.2746856058021085,0.21106460686871126,0.1455710123773039
0.1395029043078412,0.09018922827118703,0.13279621466865868,0.2749540621547895,0.2167905367781575,0.1457670538193661
0.14441495280820035,0.09377232649157223,0.131644896026287,0.27921242384106115,0.2095171894718535,0.1414382113610258
0.14585437703806858,0.09328449552925229,0.13420228513725552,0.272355856056682,0.21055338916227523,0.14374959707646634
0.1519948282481967,0.09722283281999053,0.13430810886087113,0.2650036049255107,0.21431935527163834,0.13715126987379264
0.1434148761267642,0.0930527439645192,0.1307125536388975,0.2814817950330201,0.20950800652772536,0.14183002470907374
0.14051111509835104,0.09179892822968017,0.13081122747487836,0.28478948404822135,0.20785281924448262,0.14423642590438643
0.13972888653843432,0.09119023949173208,0.13354343145745212,0.2785719424788521,0.21722249187955586,0.13974300815397353
0.1432799245157099,0.0921029905634632,0.1333330471626637,0.28170162244717245,0.210499442529291,0.13908297278169968
0.14393249648699852,0.09290930556604769,0.13023403865561137,0.2814470981014246,0.21022442983498915,0.14125263135492874
0.14833629582793323,0.09591347982575339,0.12743029812978013,0.2868232977806654,0.20316466280059242,0.13833196563527542
0.1449053575162999,0.09186015551131764,0.13195002981343232,0.29434988425425623,0.20302260821794965,0.1339119646867441
0.14854907070356616,0.09462448937602948,0.13132290796112506,0.26984114538534065,0.20767861134773163,0.147983775226207
0.14349644833643038,0.09090213855874243,0.12355810738461306,0.2878657067558258,0.21044368380894737,0.1437339151554409
0.14395960083211407,0.0945393798634196,0.1306695705067352,0.2727468456085034,0.20637417300501093,0.15171043018421687
0.14137757823958919,0.09246467484425362,0.13110540919214686,0.28044511076839057,0.20904142066186673,0.14556580629375301
0.14377915003018416,0.09257378940616236,0.12303515622622992,0.29424906066586565,0.20265066530505232,0.14371217836650557
0.13661028329776373,0.08952275472463929,0.128179650498057,0.2887602824320436,0.2049969331934068,0.15193009585408945
0.14724272683715428,0.09451658693009482,0.14347841682893145,0.27273578319002495,0.21118212440557318,0.13084436180822132
0.14860851472008688,0.0951512908085109,0.1280116857931019,0.27559218043806094,0.21115510285808903,0.14148122538215036
0.14216722210704336,0.09182729674887671,0.13464785940682258,0.2727733638788136,0.21593223758729857,0.14265202027114524
0.14232789016686634,0.09383348811876549,0.1310035335327709,0.27329628808478074,0.2074737932411362,0.15206500685568033
0.14286638606277657,0.092987909403518,0.13076390705069216,0.27907199303144004,0.20826719599669935,0.1460426084548738
0.14205601614565375,0.0916664036479917,0.12882087743898388,0.2874201795760179,0.20527149214154838,0.1447650310498043
0.1481597025804388,0.09540089558942376,0.1339170468698392,0.26887882434370347,0.21585587311248286,0.13778765750411195
0.14074405414221366,0.09342164666405932,0.12937483073209233,0.27697478486654104,0.2058987201017787,0.15358596349331488
0.13776116781497572,0.09229459164088143,0.12921962568336356,0.2769919657242573,0.20585718299460498,0.157875466141917
0.132997628586649,0.08614122694303926,0.11928847889351585,0.310393043878101,0.2020347276618363,0.14914489403685852
0.14613281040148285,0.09354729656939012,0.13041490708807915,0.2837771683483595,0.20782384789562677,0.13830396969706166
